1672490926955 3.0769128799438477 0
1672490929614 2.978668689727783 1
1672490932215 2.967271089553833 2
1672490934607 2.962029218673706 3
1672490937491 2.9452242851257324 4
1672490939870 2.9338202476501465 5
1672490941973 2.930513620376587 6
1672490944722 2.9273340702056885 7
1672490947053 2.9434783458709717 8
1672490949359 2.9313628673553467 9
1672490951538 2.9287173748016357 10
1672490953745 2.9196715354919434 11
1672490956067 2.9247050285339355 12
1672490958328 2.933135986328125 13
1672490960493 2.9201855659484863 14
1672490962834 2.9132087230682373 15
1672490965040 2.915597915649414 16
1672490967340 2.9192960262298584 17
1672490969596 2.937319278717041 18
1672490971809 2.9171416759490967 19
1672490974304 2.929253339767456 20
1672490976461 2.9370267391204834 21
1672490978573 2.916792869567871 22
1672490981046 2.924713611602783 23
1672490983187 2.9187471866607666 24
1672490985433 2.9128530025482178 25
1672490987989 2.9152402877807617 26
1672490990355 2.9197161197662354 27
1672490992706 2.913860321044922 28
1672490994900 2.908214569091797 29
1672490997080 2.921098232269287 30
1672490999436 2.9237964153289795 31
1672491001736 2.9219110012054443 32
1672491003931 2.9323432445526123 33
1672491006334 2.918297052383423 34
1672491008506 2.9162330627441406 35
1672491010773 2.9052937030792236 36
1672491012946 2.8978166580200195 37
1672491015129 2.7473268508911133 38
1672491017702 1.1999834775924683 39
1672491019888 1.1801992654800415 40
1672491022023 1.1818870306015015 41
1672491024349 1.1807255744934082 42
1672491026534 1.1783181428909302 43
1672491028762 1.1809732913970947 44
1672491031069 1.1844544410705566 45
1672491033230 1.1804969310760498 46
1672491035551 1.1811814308166504 47
1672491037719 1.1799174547195435 48
1672491039862 1.179075002670288 49
1672491042208 1.177878737449646 50
1672491044374 1.1821348667144775 51
1672491046599 1.179474115371704 52
1672491048989 1.1767656803131104 53
1672491051296 1.178409457206726 54
1672491053790 1.1788126230239868 55
1672491056050 1.1764308214187622 56
1672491058209 1.1771126985549927 57
1672491060561 1.1817657947540283 58
1672491062735 1.179750680923462 59
1672491064902 1.1773520708084106 60
1672491067623 1.1816236972808838 61
1672491070139 1.1778124570846558 62
1672491073186 1.1777398586273193 63
1672491076261 1.1753987073898315 64
1672491078995 1.179616928100586 65
1672491081861 1.182543158531189 66
1672491084245 1.1764473915100098 67
1672491086709 1.1808723211288452 68
1672491088987 1.1768031120300293 69
1672491091235 1.1766149997711182 70
1672491093767 1.1796625852584839 71
1672491096045 1.1813971996307373 72
1672491098578 1.180211067199707 73
1672491100799 1.1793391704559326 74
1672491103034 1.1788909435272217 75
1672491105541 1.1803183555603027 76
1672491107840 1.1816153526306152 77
1672491110229 1.1783684492111206 78
1672491112541 1.1798160076141357 79
1672491114881 1.1766661405563354 80
1672491117387 1.1742117404937744 81
1672491119629 1.1772481203079224 82
1672491121815 1.1788095235824585 83
1672491124246 1.1756929159164429 84
1672491126486 1.1778162717819214 85
1672491128806 1.1734482049942017 86
1672491131260 1.1769073009490967 87
1672491133460 1.175728440284729 88
1672491135919 1.1768115758895874 89
1672491138248 1.1799529790878296 90
1672491140449 1.17787766456604 91
1672491142910 1.1752843856811523 92
1672491145095 1.1773664951324463 93
1672491147394 1.1741020679473877 94
1672491149696 1.1799365282058716 95
1672491151895 1.1743601560592651 96
1672491154316 1.1780401468276978 97
1672491156515 1.1775496006011963 98
1672491158771 1.1781163215637207 99
