1672490926955 1.7423814535140991 0
1672490929614 1.7170474529266357 1
1672490932215 1.7129300832748413 2
1672490934607 1.7100332975387573 3
1672490937491 1.7050567865371704 4
1672490939870 1.7014647722244263 5
1672490941973 1.7009996175765991 6
1672490944722 1.7004516124725342 7
1672490947053 1.7046600580215454 8
1672490949359 1.7018243074417114 9
1672490951538 1.7012228965759277 10
1672490953745 1.6984914541244507 11
1672490956067 1.7000486850738525 12
1672490958328 1.7026368379592896 13
1672490960493 1.6988232135772705 14
1672490962834 1.6967668533325195 15
1672490965040 1.6975367069244385 16
1672490967340 1.6981399059295654 17
1672490969596 1.703697681427002 18
1672490971809 1.6975734233856201 19
1672490974304 1.7011196613311768 20
1672490976461 1.7038476467132568 21
1672490978573 1.6979869604110718 22
1672490981046 1.6999703645706177 23
1672490983187 1.698371171951294 24
1672490985433 1.696410894393921 25
1672490987989 1.6974843740463257 26
1672490990355 1.6991198062896729 27
1672490992706 1.6966755390167236 28
1672490994900 1.6948637962341309 29
1672490997080 1.6996384859085083 30
1672490999436 1.700364351272583 31
1672491001736 1.699136734008789 32
1672491003931 1.7023118734359741 33
1672491006334 1.6983193159103394 34
1672491008506 1.6978915929794312 35
1672491010773 1.694845199584961 36
1672491012946 1.6924521923065186 37
1672491015129 1.644896149635315 38
1672491017702 1.084861159324646 39
1672491019888 1.0762224197387695 40
1672491022023 1.0767303705215454 41
1672491024349 1.0765719413757324 42
1672491026534 1.0754743814468384 43
1672491028762 1.0766847133636475 44
1672491031069 1.078698992729187 45
1672491033230 1.0767028331756592 46
1672491035551 1.076852798461914 47
1672491037719 1.0765178203582764 48
1672491039862 1.0761953592300415 49
1672491042208 1.075500726699829 50
1672491044374 1.077750325202942 51
1672491046599 1.0761828422546387 52
1672491048989 1.075189471244812 53
1672491051296 1.076133131980896 54
1672491053790 1.0763933658599854 55
1672491056050 1.0751357078552246 56
1672491058209 1.0756657123565674 57
1672491060561 1.0776550769805908 58
1672491062735 1.0767251253128052 59
1672491064902 1.075773000717163 60
1672491067623 1.0774283409118652 61
1672491070139 1.0755939483642578 62
1672491073186 1.0756479501724243 63
1672491076261 1.0746982097625732 64
1672491078995 1.0765938758850098 65
1672491081861 1.0780415534973145 66
1672491084245 1.075103998184204 67
1672491086709 1.0769460201263428 68
1672491088987 1.0752567052841187 69
1672491091235 1.0752078294754028 70
1672491093767 1.0765825510025024 71
1672491096045 1.0775823593139648 72
1672491098578 1.0770310163497925 73
1672491100799 1.0763806104660034 74
1672491103034 1.0764929056167603 75
1672491105541 1.0768498182296753 76
1672491107840 1.0772948265075684 77
1672491110229 1.0762113332748413 78
1672491112541 1.0767632722854614 79
1672491114881 1.0752594470977783 80
1672491117387 1.0741686820983887 81
1672491119629 1.075510859489441 82
1672491121815 1.0762138366699219 83
1672491124246 1.074842929840088 84
1672491126486 1.0757464170455933 85
1672491128806 1.073585033416748 86
1672491131260 1.0753767490386963 87
1672491133460 1.0747374296188354 88
1672491135919 1.0752702951431274 89
1672491138248 1.0768179893493652 90
1672491140449 1.0753542184829712 91
1672491142910 1.0743390321731567 92
1672491145095 1.075555443763733 93
1672491147394 1.0741684436798096 94
1672491149696 1.0767334699630737 95
1672491151895 1.073718786239624 96
1672491154316 1.0756767988204956 97
1672491156515 1.0757031440734863 98
1672491158771 1.0757423639297485 99
